numOfgainMut	numOfHotMutPosi	gainMf	numOfLofMut	lofMf	numOfNonsMut
ADORA1	4	2	0.129032258064516	4	0.129032258064516	31
ADORA2A	3	1	0.0882352941176471	4	0.117647058823529	34
ADORA2B	0	0	0	1	0.1	10
ADORA3	2	1	0.08	1	0.04	25
ADRA1A	8	4	0.140350877192982	2	0.0350877192982456	57
ADRA1B	6	3	0.24	3	0.12	25
ADRA1D	6	2	0.176470588235294	4	0.117647058823529	34
ADRA2A	6	3	0.2	0	0	30
ADRA2B	2	1	0.0588235294117647	1	0.0294117647058824	34
ADRA2C	4	2	0.19047619047619	1	0.0476190476190476	21
ADRB1	4	2	0.222222222222222	2	0.111111111111111	18
ADRB2	2	1	0.0769230769230769	3	0.115384615384615	26
ADRB3	0	0	0	3	0.214285714285714	14
CHRM1	2	1	0.0714285714285714	3	0.107142857142857	28
CHRM2	39	18	0.30952380952381	7	0.0555555555555556	126
CHRM3	37	16	0.336363636363636	16	0.145454545454545	110
CHRM4	0	0	0	6	0.162162162162162	37
CHRM5	4	2	0.121212121212121	4	0.121212121212121	33
CHRNA1	8	4	0.150943396226415	12	0.226415094339623	53
CHRNA10	2	1	0.0769230769230769	2	0.0769230769230769	26
CHRNA2	2	1	0.05	3	0.075	40
CHRNA3	8	4	0.186046511627907	3	0.0697674418604651	43
CHRNA4	13	6	0.166666666666667	4	0.0512820512820513	78
CHRNA5	3	1	0.1	3	0.1	30
CHRNA6	2	1	0.0384615384615385	8	0.153846153846154	52
CHRNA7	10	4	0.25	3	0.075	40
CHRNA9	6	3	0.181818181818182	4	0.121212121212121	33
CHRNB1	2	1	0.0645161290322581	7	0.225806451612903	31
CHRNB2	0	0	0	4	0.0930232558139535	43
CHRNB3	16	8	0.262295081967213	8	0.131147540983607	61
CHRNB4	6	3	0.117647058823529	1	0.0196078431372549	51
CHRND	12	6	0.218181818181818	7	0.127272727272727	55
CHRNE	4	2	0.222222222222222	1	0.0555555555555556	18
CHRNG	10	5	0.24390243902439	6	0.146341463414634	41
DRD1	4	2	0.142857142857143	2	0.0714285714285714	28
DRD2	12	6	0.210526315789474	3	0.0526315789473684	57
DRD3	8	4	0.153846153846154	7	0.134615384615385	52
DRD4	0	0	0	2	0.117647058823529	17
DRD5	19	9	0.283582089552239	1	0.0149253731343284	67
GABBR1	12	6	0.157894736842105	8	0.105263157894737	76
GABBR2	6	3	0.1	7	0.116666666666667	60
GABRA1	29	12	0.263636363636364	19	0.172727272727273	110
GABRA2	32	14	0.258064516129032	15	0.120967741935484	124
GABRA3	19	7	0.267605633802817	7	0.0985915492957746	71
GABRA4	22	11	0.207547169811321	10	0.0943396226415094	106
GABRA5	17	7	0.223684210526316	8	0.105263157894737	76
GABRA6	31	12	0.271929824561404	16	0.140350877192982	114
GABRB1	22	10	0.261904761904762	11	0.130952380952381	84
GABRB2	26	13	0.302325581395349	10	0.116279069767442	86
GABRB3	29	12	0.247863247863248	17	0.145299145299145	117
GABRD	5	2	0.15625	5	0.15625	32
GABRE	12	5	0.176470588235294	8	0.117647058823529	68
GABRG1	62	28	0.402597402597403	19	0.123376623376623	154
GABRG2	35	14	0.28	12	0.096	125
GABRG3	11	5	0.132530120481928	13	0.156626506024096	83
GABRP	6	3	0.15	4	0.1	40
GABRQ	17	8	0.202380952380952	12	0.142857142857143	84
GABRR1	2	1	0.0487804878048781	5	0.121951219512195	41
GABRR2	0	0	0	3	0.107142857142857	28
GABRR3	0	0	0	3	0.6	5
GLRA1	8	4	0.153846153846154	6	0.115384615384615	52
GLRA2	12	6	0.206896551724138	6	0.103448275862069	58
GLRA3	12	6	0.193548387096774	8	0.129032258064516	62
GLRB	9	4	0.160714285714286	6	0.107142857142857	56
GRIA1	44	18	0.255813953488372	17	0.0988372093023256	172
GRIA2	21	8	0.138157894736842	16	0.105263157894737	152
GRIA3	23	10	0.178294573643411	16	0.124031007751938	129
GRIA4	14	7	0.113821138211382	16	0.130081300813008	123
GRID1	38	16	0.23030303030303	15	0.0909090909090909	165
GRID2	62	27	0.293838862559242	19	0.0900473933649289	211
GRIK1	26	12	0.213114754098361	10	0.0819672131147541	122
GRIK2	40	19	0.229885057471264	21	0.120689655172414	174
GRIK3	27	12	0.21259842519685	10	0.078740157480315	127
GRIK4	14	6	0.12962962962963	14	0.12962962962963	108
GRIK5	7	3	0.0897435897435897	4	0.0512820512820513	78
GRIN1	4	2	0.0701754385964912	4	0.0701754385964912	57
GRIN2A	89	36	0.2996632996633	24	0.0808080808080808	297
GRIN2B	31	14	0.139013452914798	13	0.0582959641255605	223
GRIN2C	2	1	0.0416666666666667	3	0.0625	48
GRIN2D	11	5	0.159420289855072	6	0.0869565217391304	69
GRIN3A	45	19	0.257142857142857	16	0.0914285714285714	175
GRIN3B	6	3	0.15	2	0.05	40
GRM1	38	16	0.190954773869347	17	0.085427135678392	199
GRM2	19	9	0.25	7	0.0921052631578947	76
GRM3	54	25	0.291891891891892	19	0.102702702702703	185
GRM4	25	11	0.247524752475248	5	0.0495049504950495	101
GRM5	31	13	0.183431952662722	15	0.0887573964497041	169
GRM6	21	10	0.189189189189189	18	0.162162162162162	111
GRM7	48	21	0.271186440677966	23	0.129943502824859	177
GRM8	49	22	0.223744292237443	26	0.118721461187215	219
HRH1	6	3	0.153846153846154	1	0.0256410256410256	39
HRH2	8	4	0.195121951219512	0	0	41
HRH3	0	0	0	2	0.0740740740740741	27
HRH4	8	4	0.222222222222222	4	0.111111111111111	36
HTR1A	15	7	0.168539325842697	8	0.0898876404494382	89
HTR1B	13	6	0.30952380952381	3	0.0714285714285714	42
HTR1D	8	4	0.25	3	0.09375	32
HTR1E	19	6	0.283582089552239	5	0.0746268656716418	67
HTR1F	7	3	0.11864406779661	9	0.152542372881356	59
HTR2A	2	1	0.04	7	0.14	50
HTR2B	0	0	0	4	0.19047619047619	21
HTR2C	18	9	0.219512195121951	7	0.0853658536585366	82
HTR3A	6	3	0.0952380952380952	7	0.111111111111111	63
HTR3B	11	5	0.215686274509804	7	0.137254901960784	51
HTR3C	8	4	0.177777777777778	4	0.0888888888888889	45
HTR3D	9	4	0.264705882352941	4	0.117647058823529	34
HTR3E	13	6	0.288888888888889	2	0.0444444444444444	45
HTR4	6	3	0.13953488372093	4	0.0930232558139535	43
HTR5A	32	14	0.385542168674699	8	0.0963855421686747	83
HTR6	4	2	0.121212121212121	2	0.0606060606060606	33
HTR7	14	7	0.233333333333333	7	0.116666666666667	60
OPRD1	7	3	0.189189189189189	0	0	37
OPRK1	19	9	0.322033898305085	6	0.101694915254237	59
OPRL1	8	4	0.181818181818182	2	0.0454545454545455	44
OPRM1	14	6	0.229508196721311	7	0.114754098360656	61
P2RX1	2	1	0.0952380952380952	3	0.142857142857143	21
P2RX2	4	2	0.0851063829787234	8	0.170212765957447	47
P2RX3	6	3	0.171428571428571	6	0.171428571428571	35
P2RX4	0	0	0	2	0.117647058823529	17
P2RX5	2	1	0.0740740740740741	4	0.148148148148148	27
P2RX6	0	0	0	4	0.25	16
P2RX7	0	0	0	5	0.192307692307692	26
P2RY1	4	2	0.133333333333333	1	0.0333333333333333	30
P2RY11	0	0	0	1	0.111111111111111	9
P2RY12	0	0	0	2	0.0833333333333333	24
P2RY13	2	1	0.0666666666666667	7	0.233333333333333	30
P2RY14	2	1	0.0740740740740741	7	0.259259259259259	27
P2RY2	2	1	0.0769230769230769	2	0.0769230769230769	26
P2RY4	0	0	0	0	0	23
P2RY6	10	5	0.384615384615385	1	0.0384615384615385	26
